   l      b x x    RA   x   Dec     size   type   1-GHz  spectral other
   x       x  x x x  (J2000.0)  x     x      x    flux   index    name(s)
  /deg  /deg /hh mm ss  /dd mm  /arcmin    x      /Jy    x	x
   0.0  +0.0  17 45 44  -29 00  3.5x2.5  S     100?     0.8?     Sgr_A_East
   0.3  +0.0  17 46 15  -28 38   15x8    S      22      0.6	x
   0.9  +0.1  17 47 21  -28 09     8     C      18?     varies	x
   1.0  -0.1  17 48 30  -28 09     8     S      15      0.6?	x
   1.4  -0.1  17 49 39  -27 46    10     S       2?     ?	x
   1.9  +0.3  17 48 45  -27 10    1.5    S       0.6    0.6	x
   3.1  -0.6  17 55 30  -26 35   52x28   S       5      0.9?	x
   3.7  -0.2  17 55 26  -25 50   14x11   S       2.3    0.65	x
   3.8  +0.3  17 52 55  -25 28    18     S?      3?     0.6	x
   4.2  -3.5  18 08 55  -27 03    28     S       3.2?   0.6?	x
   4.5  +6.8  17 30 42  -21 29     3     S      19      0.64     Kepler,SN1604,3C358
   4.8  +6.2  17 33 25  -21 34    18     S       3      0.6	x
   5.2  -2.6  18 07 30  -25 45    18     S       2.6?   0.6?	x
   5.4  -1.2  18 02 10  -24 54    35     C?     35?     0.2?     Milne_56
   5.5  +0.3  17 57 04  -24 00   15x12   S       5.5    0.7	x
   5.9  +3.1  17 47 20  -22 16    20     S       3.3?   0.4?	x
   6.1  +0.5  17 57 29  -23 25   18x12   S       4.5    0.9	x
   6.1  +1.2  17 54 55  -23 05   30x26   F       4.0?   0.3?	x
   6.4  -0.1  18 00 30  -23 26    48     C     310      varies   W28
   6.4  +4.0  17 45 10  -21 22    31     S       1.3?   0.4?	x
   6.5  -0.4  18 02 11  -23 34    18     S      27      0.6	x
   7.0  -0.1  18 01 50  -22 54    15     S       2.5?   0.5?	x
   7.2  +0.2  18 01 07  -22 38    12     S       2.8    0.6	x
   7.5  -1.7  18 10 00  -23 10   100     S      18?     0.7?	x
   7.7  -3.7  18 17 25  -24 04    22     S      11      0.32     1814-24
   8.7  -5.0  18 24 10  -23 48    26     S       4.4    0.3	x
   8.7  -0.1  18 05 30  -21 26    45     S?     80      0.5      (W30)
   8.9  +0.4  18 03 58  -21 03    24     S       9      0.6	x
   9.7  -0.0  18 07 22  -20 35   15x11   S       3.7    0.6	x
   9.8  +0.6  18 05 08  -20 14    12     S       3.9    0.5	x
   9.9  -0.8  18 10 41  -20 43    12     S       6.7    0.4	x
  11.0  -0.0  18 10 04  -19 25   11x9    S       1.3    0.6	x
  11.1  -0.7  18 12 46  -19 38   11x7    S       1.0    0.7	x
  11.1  +0.1  18 09 47  -19 12   12x10   S       2.3    0.4	x
  11.2  -0.3  18 11 27  -19 25     4     C      22      0.5	x
  11.4  -0.1  18 10 47  -19 05     8     S?      6      0.5	x
  11.8  -0.2  18 12 25  -18 44     4     S       0.7    0.3	x
  12.0  -0.1  18 12 11  -18 37     7?    ?       3.5    0.7	x
  12.2  +0.3  18 11 17  -18 10    6x5    S       0.8    0.7	x
  12.5  +0.2  18 12 14  -17 55    6x5    C?      0.6    0.4	x
  12.7  -0.0  18 13 19  -17 54     6     S       0.8    0.8	x
  12.8  -0.0  18 13 37  -17 49     3     C?      0.8    0.5	x
  13.1  -0.5  18 16 00  -17 49   38x28   S      11?     0.6?	x
  13.3  -1.3  18 19 20  -18 00   70x40   S?      ?      ?	x
  13.5  +0.2  18 14 14  -17 12    5x4    S       3.5?   1.0?	x
  14.1  -0.1  18 16 40  -16 41    6x5    S       0.5    0.6	x
  15.1  -1.6  18 24 00  -16 34   30x24   S?      5.5?   0.0?	x
  15.4  +0.1  18 18 02  -15 27   15x14   C?      5.6    0.62	x
  15.5  -0.1  18 19 25  -15 32    9x8    ?       1.2?   0.55?	x
  15.9  +0.2  18 18 52  -15 02    7x5    S?      5.0    0.63	x
  16.0  -0.5  18 21 56  -15 14   15x10   S       2.7    0.6	x
  16.2  -2.7  18 29 40  -16 08    17     S       2.5    0.4	x
  16.7  +0.1  18 20 56  -14 20     4     C       3.0    0.6	x
  17.0  -0.0  18 21 57  -14 08     5     S       0.5    0.5	x
  17.4  -2.3  18 30 55  -14 52    24?    S       5      0.5?	x
  17.4  -0.1  18 23 08  -13 46     6     S       0.4    0.7	x
  17.8  -2.6  18 32 50  -14 39    24     S       5      0.5	x
  17.8 +16.7  17 24 10  -05 10   51x45   S?      2.7    0.8	x
  18.1  -0.1  18 24 34  -13 11     8     S       4.6    0.5	x
  18.6  -0.2  18 25 55  -12 50     6     S       1.4    0.4	x
  18.8  +0.3  18 23 58  -12 23   17x11   S      33      0.46     Kes_67
  18.9  -1.1  18 29 50  -12 58    33     C?     37      0.39	x
  19.1  +0.2  18 24 56  -12 07    27     S      10      0.5	x
  20.0  -0.2  18 28 07  -11 35    10     F      10      0.1	x
  21.0  -0.4  18 31 12  -10 47    9x7    S       1.1    0.6	x
  21.5  -0.9  18 33 33  -10 35     5     C       7      varies	x
  21.6  -0.8  18 33 40  -10 25    13     S       1.4    0.5?	x
  21.8  -3.0  18 41 50  -11 16    60     S       5      0.7	x
  21.8  -0.6  18 32 45  -10 08    20     S      65      0.56     Kes_69
  22.7  -0.2  18 33 15  -09 13    26     S?     33      0.6	x
  23.3  -0.3  18 34 45  -08 48    27     S      70      0.5      W41
  24.7  -0.6  18 38 43  -07 32    15?    S?      8      0.5	x
  24.7  +0.6  18 34 10  -07 05   30x15   C?     20?     0.2?	x
  25.1  -2.3  18 45 10  -08 00   80x30?  S       8      0.5?	x
  27.4  +0.0  18 41 19  -04 56     4     S       6      0.68     4C-04.71
  27.8  +0.6  18 39 50  -04 24   50x30   F      30      varies	x
  28.3  +0.2  18 42 30  -03 58    10     S       1.3?   0.7?	x
  28.6  -0.1  18 43 55  -03 53   13x9    S       3?     ?	x
  28.7  -0.4  18 45 30  -03 54     9     S       0.9?   0.8?	x
  28.8  +1.5  18 39 00  -02 55   100?    S?      ?      0.4?	x
  29.3  +0.1  18 44 36  -03 06    10?    C?      2.5?   ?	x
  29.6  +0.1  18 44 52  -02 57     5     S       0.5?   0.5?	x
  29.7  -0.3  18 46 25  -02 59     3     C       9      0.7      Kes_75
  30.7  -2.0  18 54 25  -02 54    16     ?       0.5?   0.7?	x
  30.7  +1.0  18 44 00  -01 32   24x18   S?      6      0.4	x
  31.5  -0.6  18 51 10  -01 31    18?    S?      2?     ?	x
  31.9  +0.0  18 49 25  -00 55    7x5    S      25      varies   3C391
  32.0  -4.9  19 06 00  -03 00    60?    S?     22?     0.5?     3C396.1
  32.1  -0.9  18 53 10  -01 08    40?    C?      4?     0.7?	x
  32.4  +0.1  18 50 05  -00 25     6     S       0.8?   0.2?	x
  32.8  -0.1  18 51 25  -00 08   22x15   S?     12      0.3      Kes_78
  33.2  -0.6  18 53 50  -00 02    18     S       3      0.3	x
  33.6  +0.1  18 52 48  +00 41    10     S      20      0.51     Kes_79,4C00.70,HC13
  34.7  -0.4  18 56 00  +01 22   35x27   C     240      0.37     W44,3C392
  35.6  -0.4  18 57 55  +02 13   15x11   S?      9      varies	x
  36.6  -0.7  19 00 35  +02 56    25?    S?      1.0    0.7?	x
  36.6  +2.6  18 48 49  +04 26   17x13?  S       0.7?   0.5?	x
  38.7  -1.3  19 06 40  +04 28   32x19?  S       ?      ?	x
  39.2  -0.3  19 04 08  +05 28    8x6    C      18      0.34     3C396,HC24,NRAO_593
  39.7  -2.0  19 12 20  +04 55  120x60   ?      85?     0.7?     W50,SS433
  40.5  -0.5  19 07 10  +06 31    22     S      11      0.4	x
  41.1  -0.3  19 07 34  +07 08  4.5x2.5  S      25      0.50     3C397
  41.5  +0.4  19 05 50  +07 46    10     S?      1?     ?	x
  42.0  -0.1  19 08 10  +08 00     8     S?      0.5?   ?	x
  42.8  +0.6  19 07 20  +09 05    24     S       3?     0.5?	x
  43.3  -0.2  19 11 08  +09 06    4x3    S      38      0.46     W49B
  43.9  +1.6  19 05 50  +10 30    60?    S?      9.0    0.5	x
  45.7  -0.4  19 16 25  +11 09    22     S       4.2?   0.4?	x
  46.8  -0.3  19 18 10  +12 09    15     S      16      0.54     (HC30)
  49.2  -0.7  19 23 50  +14 06    30     S?    160?     0.3?     (W51)
  53.4  +0.0  19 29 57  +18 10    10?    S       1.5    0.6?	x
  53.6  -2.2  19 38 50  +17 14   33x28   S       8      0.50     3C400.2,NRAO_611
  54.1  +0.3  19 30 31  +18 52    12?    C?      0.5    0.1	x
  54.4  -0.3  19 33 20  +18 56    40     S      28      0.5      (HC40)
  55.0  +0.3  19 32 00  +19 50   20x15?  S       0.5?   0.5?	x
  55.7  +3.4  19 21 20  +21 44    23     S       1?     0.3?	x
  57.2  +0.8  19 34 59  +21 57    12?    S?      1.8    0.35     (4C21.53)
  59.5  +0.1  19 42 33  +23 35    15     S       3?     ?	x
  63.7  +1.1  19 47 52  +27 45     8     F       1.8    0.24	x
  64.5  +0.9  19 50 25  +28 16     8     S?      0.15?  0.5	x
  65.1  +0.6  19 54 40  +28 35   90x50   S       5.5    0.61	x
  65.3  +5.7  19 33 00  +31 10  310x240  S?     42      0.6	x
  65.7  +1.2  19 52 10  +29 26    22     F       5.1    varies   DA_495
  66.0  -0.0  19 57 50  +29 03   31x25?  S       ?      ?	x
  67.6  +0.9  19 57 45  +30 53   50x45?  S       ?      ?	x
  67.7  +1.8  19 54 32  +31 29   15x12   S       1.0    0.61	x
  67.8  +0.5  20 00 00  +30 51    7x5    ?       ?      ?	x
  68.6  -1.2  20 08 40  +30 37    23     ?       1.1    0.2	x
  69.0  +2.7  19 53 20  +32 55    80?    ?     120?     varies   CTB_80
  69.7  +1.0  20 02 40  +32 43   16x14   S       2.0    0.7	x
  70.0 -21.5  21 24 00  +19 23  330x240  S       ?      ?	x
  73.9  +0.9  20 14 15  +36 12    27     S?      9      0.23	x
  74.0  -8.5  20 51 00  +30 40  230x160  S     210      varies   Cygnus_Loop
  74.9  +1.2  20 16 02  +37 12    8x6    F       9      0.3      CTB_87
  76.9  +1.0  20 22 20  +38 43     9     C       2?     ?	x
  78.2  +2.1  20 20 50  +40 26    60     S     320      0.51     DR4,gamma_Cygni_SNR
  82.2  +5.3  20 19 00  +45 30   95x65   S     120?     0.5?     W63
  83.0  -0.3  20 46 55  +42 52    9x7    S       1      0.4	x
  84.2  -0.8  20 53 20  +43 27   20x16   S      11      0.5	x
  85.4  +0.7  20 50 40  +45 22    24?    S       ?      0.2	x
  85.9  -0.6  20 58 40  +44 53    24     S       ?      0.2	x
  89.0  +4.7  20 45 00  +50 35  120x90   S     220      0.38     HB21
  93.3  +6.9  20 52 25  +55 21   27x20   C?      9      0.45     DA_530,4C(T)55.38.1
  93.7  -0.2  21 29 20  +50 50    80     S      65      0.65     CTB_104A,DA_551
  94.0  +1.0  21 24 50  +51 53   30x25   S      13      0.45     3C434.1
  96.0  +2.0  21 30 30  +53 59    26     S      0.35    0.6	x
 106.3  +2.7  22 27 30  +60 50   60x24   C?      6      0.6	x
 107.0  +9.0  22 01 00  +66 30   180?    ?      11?     0.9?	x
 108.2  -0.6  22 53 40  +58 50   70x54   S       8      0.5	x
 109.1  -1.0  23 01 35  +58 53    28     S      20      0.45     CTB_109
 111.7  -2.1  23 23 26  +58 48     5     S    2300      0.77     Cassiopeia_A,3C461
 113.0  +0.2  23 26 50  +61 26   40x17?  ?       4      0.5?	x
 114.3  +0.3  23 37 00  +61 55   90x55   S       5.5    0.5	x
 116.5  +1.1  23 53 40  +63 15   80x60   S      10      0.5	x
 116.6 -26.1  00 23 00  +36 30   235     S       ?      ?	x
 116.9  +0.2  23 59 10  +62 26    34     S       8      0.57     CTB_1
 119.5 +10.2  00 06 40  +72 45    90?    S      36      0.6      CTA_1
 120.1  +1.4  00 25 18  +64 09     8     S      50      0.58     Tycho,3C10,SN1572
 126.2  +1.6  01 22 00  +64 15    70     S?      6      0.5	x
 127.1  +0.5  01 28 20  +63 10    45     S      12      0.45     R5
 130.7  +3.1  02 05 41  +64 49    9x5    F      33      0.07     3C58,SN1181
 132.7  +1.3  02 17 40  +62 45    80     S      45      0.6      HB3
 150.3  +4.5  04 27 00  +55 28  180x150  S       ?      ?	x
 152.4  -2.1  04 07 50  +49 11  100x95   S       3.5?   0.7?	x
 156.2  +5.7  04 58 40  +51 50   110     S       5      0.5	x
 159.6  +7.3  05 20 00  +50 00  240x180? S       ?      ?	x
 160.9  +2.6  05 01 00  +46 40  140x120  S     110      0.64     HB9
 166.0  +4.3  05 26 30  +42 56   55x35   S       7      0.37     VRO_42.05.01
 178.2  -4.2  05 25 05  +28 11   72x62   S       2      0.5	x
 179.0  +2.6  05 53 40  +31 05    70     S?      7      0.4	x
 180.0  -1.7  05 39 00  +27 50   180     S      65      varies   S147
 181.1  +9.5  06 26 40  +32 30    74     S       0.4?   0.4?	x
 182.4  +4.3  06 08 10  +29 00    50     S       0.5    0.4	x
 184.6  -5.8  05 34 31  +22 01    7x5    F     900      0.30     Crab_Nebula,3C144,SN1054
 189.1  +3.0  06 17 00  +22 34    45     C     165      0.36     IC443,3C157
 189.6  +3.3  06 19 40  +22 00    90?    S       ?      ?	x
 190.9  -2.2  06 01 55  +18 24   70x60   S       1.3?   0.7?	x
 203.1  +6.6  06 57 00  +11 40   150     S       ?      ?	x
 205.5  +0.5  06 39 00  +06 30   220     S     140      0.4      Monoceros_Nebula
 206.7  +5.9  07 01 00  +08 10   210     S       ?      ?	x
 206.9  +2.3  06 48 40  +06 26   60x40   S?      6      0.5      PKS_0646+06
 213.0  -0.6  06 50 50  -00 30  160x140? S      21      0.4	x
 249.5 +24.5  09 34 00  -17 00   260     S      27      0.7      Hoinga
 260.4  -3.4  08 22 10  -43 00   60x50   S     130      0.5      Puppis_A,MSH_08-44
 261.9  +5.5  09 04 20  -38 42   40x30   S      10?     0.4?	x
 263.9  -3.3  08 34 00  -45 50   255     C    1750      varies   Vela_(XYZ)
 266.2  -1.2  08 52 00  -46 20   120     S      50?     0.3?     RX_J0852.0-4622
 272.2  -3.2  09 06 50  -52 07    15?    S?      0.4    0.6	x
 279.0  +1.1  09 57 40  -53 15    95     S      30?     0.6?	x
 284.3  -1.8  10 18 15  -59 00    24?    S      11?     0.3?     MSH_10-53
 286.5  -1.2  10 35 40  -59 42   26x6    S?      1.4?   ?	x
 288.8  -6.3  10 30 20  -65 15  108x96   S      11      0.41	x
 289.7  -0.3  11 01 15  -60 18   18x14   S       6.2    0.2?	x
 290.1  -0.8  11 03 05  -60 56   19x14   S      42      0.4      MSH_11-61A
 291.0  -0.1  11 11 54  -60 38   15x13   C      16      0.29     (MSH_11-62)
 292.0  +1.8  11 24 36  -59 16   12x8    C      15      0.4      MSH_11-54
 292.2  -0.5  11 19 20  -61 28   20x15   S       7      0.5	x
 293.8  +0.6  11 35 00  -60 54    20     C       5?     0.6?	x
 294.1  -0.0  11 36 10  -61 38    40     S      >2?     ?	x
 296.1  -0.5  11 51 10  -62 34   37x25   S       8?     0.6?	x
 296.5 +10.0  12 09 40  -52 25   90x65   S      48      0.5      PKS_1209-51/52
 296.7  -0.9  11 55 30  -63 08   15x8    S       3      0.5	x
 296.8  -0.3  11 58 30  -62 35   20x14   S       9      0.6      1156-62
 298.5  -0.3  12 12 40  -62 52     5?    ?       5?     0.4?	x
 298.6  -0.0  12 13 41  -62 37   12x9    S       5?     0.3	x
 299.2  -2.9  12 15 13  -65 30   18x11   S       0.5?   ?	x
 299.6  -0.5  12 21 45  -63 09    13     S       1.0?   ?	x
 301.4  -1.0  12 37 55  -63 49   37x23   S       2.1?   ?	x
 302.3  +0.7  12 45 55  -62 08    17     S       5?     0.4?	x
 304.6  +0.1  13 05 59  -62 42     8     S      14      0.5      Kes_17
 306.3  -0.9  13 21 50  -63 34     4     S?      0.16?  0.5?	x
 308.1  -0.7  13 37 37  -63 04    13     S       1.2?   ?	x
 308.4  -1.4  13 41 30  -63 44   12x6?   S?      0.4?   ?	x
 308.8  -0.1  13 42 30  -62 23   30x20?  C?     15?     0.4?	x
 309.2  -0.6  13 46 31  -62 54   15x12   S       7?     0.4?	x
 309.8  +0.0  13 50 30  -62 05   25x19   S      17      0.5	x
 310.6  -1.6  14 00 45  -63 26    2.5    C?      ?      ?	x
 310.6  -0.3  13 58 00  -62 09     8     S       5?     ?        Kes_20B
 310.8  -0.4  14 00 00  -62 17    12     S       6?     ?        Kes_20A
 311.5  -0.3  14 05 38  -61 58     5     S       3?     0.5	x
 312.4  -0.4  14 13 00  -61 44    38     S      45      0.36	x
 312.5  -3.0  14 21 00  -64 12   20x18   S       3.5?   ?	x
 315.1  +2.7  14 24 30  -57 50  190x150  S       ?      ?	x
 315.4  -2.3  14 43 00  -62 30    42     S      49      0.6      RCW_86,MSH_14-63
 315.4  -0.3  14 35 55  -60 36   24x13   ?       8      0.4	x
 315.9  -0.0  14 38 25  -60 11   25x14   S       0.8?   ?	x
 316.3  -0.0  14 41 30  -60 00   29x14   S      20?     0.4      (MSH_14-57)
 317.3  -0.2  14 49 40  -59 46    11     S       4.7?   ?	x
 318.2  +0.1  14 54 50  -59 04   40x35   S      >3.9?   ?	x
 318.9  +0.4  14 58 30  -58 29   30x14   C       4?     0.2?	x
 320.4  -1.2  15 14 30  -59 08    35     C      60?     0.4      MSH_15-52,RCW_89
 320.6  -1.6  15 17 50  -59 16   60x30   S       ?      ?	x
 321.9  -1.1  15 23 45  -58 13    28     S      >3.4?   ?	x
 321.9  -0.3  15 20 40  -57 34   31x23   S      13      0.3	x
 322.1  +0.0  15 20 49  -57 10    8x4.5? S?      ?      ?	x
 322.5  -0.1  15 23 23  -57 06    15     C       1.5    0.4	x
 323.5  +0.1  15 28 42  -56 21    13     S       3?     0.4?	x
 323.7  -1.0  15 34 30  -57 12   51x38   S       ?      ?	x
 326.3  -1.8  15 53 00  -56 10    38     C     145      varies   MSH_15-56
 327.1  -1.1  15 54 25  -55 09    18     C       7      ?	x
 327.2  -0.1  15 50 55  -54 18     5     S       0.5    ?	x
 327.4  +0.4  15 48 20  -53 49    21     S      26      0.6      Kes_27
 327.4  +1.0  15 46 48  -53 20    14     S       1.9    ?	x
 327.6 +14.6  15 02 50  -41 56    30     S      19      0.6      SN1006,PKS_1459-41
 328.4  +0.2  15 55 30  -53 17     5     F      15      0.0      (MSH_15-57)
 329.7  +0.4  16 01 20  -52 18   40x33   S     >34?     ?	x
 330.0 +15.0  15 10 00  -40 00   180?    S     350?     0.5?     Lupus_Loop
 330.2  +1.0  16 01 06  -51 34    11     S?      5?     0.3	x
 332.0  +0.2  16 13 17  -50 53    12     S       8?     0.5	x
 332.4  -0.4  16 17 33  -51 02    10     S      28      0.5      RCW_103
 332.4  +0.1  16 15 20  -50 42    15     S      26      0.5      MSH_16-51,Kes_32
 332.5  -5.6  16 43 20  -54 30    35     S       2?     0.7?	x
 335.2  +0.1  16 27 45  -48 47    21     S      16      0.5	x
 336.7  +0.5  16 32 11  -47 19   14x10   S       6      0.5	x
 337.0  -0.1  16 35 57  -47 36    1.5    S       1.5    0.6?     (CTB_33)
 337.2  -0.7  16 39 28  -47 51     6     S       1.5    0.4	x
 337.2  +0.1  16 35 55  -47 20    3x2    ?       1.5?   ?	x
 337.3  +1.0  16 32 39  -46 36   15x12   S      16      0.55     Kes_40
 337.8  -0.1  16 39 01  -46 59    9x6    S      15      0.5      Kes_41
 338.1  +0.4  16 37 59  -46 24    15?    S       4?     0.4	x
 338.3  -0.0  16 41 00  -46 34     8     C?      7?     ?	x
 338.5  +0.1  16 41 09  -46 19     9     ?      12?     ?	x
 340.4  +0.4  16 46 31  -44 39   10x7    S       5      0.4	x
 340.6  +0.3  16 47 41  -44 34     6     S       5?     0.4?	x
 341.2  +0.9  16 47 35  -43 47   22x16   C       1.5?   0.6?	x
 341.9  -0.3  16 55 01  -44 01     7     S       2.5    0.5	x
 342.0  -0.2  16 54 50  -43 53   12x9    S       3.5?   0.4?	x
 342.1  +0.9  16 50 43  -43 04   10x9    S       0.5?   ?	x
 343.0  -6.0  17 25 00  -46 30   250     S       ?      ?        RCW_114
 343.1  -2.3  17 08 00  -44 16    32?    C?      8?     0.5?	x
 343.1  -0.7  17 00 25  -43 14   27x21   S       7.8    0.55	x
 344.7  -0.1  17 03 51  -41 42     8     C?      2.5?   0.3?	x
 345.1  -0.2  17 05 21  -41 26     6     S       1.4?   0.7?	x
 345.1  +0.2  17 03 40  -41 05    10     S       0.6?   0.6?	x
 345.7  -0.2  17 07 20  -40 53     6     S       0.6?   ?	x
 346.6  -0.2  17 10 19  -40 11     8     S       8?     0.5?	x
 347.3  -0.5  17 13 50  -39 45   65x55   S?     30?     ?        RX_J1713.7-3946
 348.5  -0.0  17 15 26  -38 28    10?    S?     10?     0.4?	x
 348.5  +0.1  17 14 06  -38 32    15     S      72      0.3      CTB_37A
 348.7  +0.3  17 13 55  -38 11    17?    S      26      0.3      CTB_37B
 348.8  +1.1  17 11 29  -37 36    10     S       0.6?   0.7?	x
 349.2  -0.1  17 17 15  -38 04    9x6    S       1.4?   ?	x
 349.7  +0.2  17 17 59  -37 26  2.5x2    S      20      0.5	x
 350.0  -2.0  17 27 50  -38 32    45     S      26      0.4	x
 350.1  -0.3  17 21 05  -37 27     4?    ?       6?     0.8?	x
 351.0  -5.4  17 46 00  -39 25    30     S       ?      ?	x
 351.2  +0.1  17 22 27  -36 11     7     C?      5?     0.4	x
 351.7  +0.8  17 21 00  -35 27   18x14   S      10      0.5?	x
 351.9  -0.9  17 28 52  -36 16   12x9    S       1.8?   ?	x
 352.7  -0.1  17 27 40  -35 07    8x6    S       4      0.6	x
 353.3  -1.1  17 33 10  -35 12    60     S      24?     0.85?	x
 353.6  -0.7  17 32 00  -34 44    30     S       2.5?   ?	x
 353.9  -2.0  17 38 55  -35 11    13     S       1?     0.5?	x
 354.1  +0.1  17 30 28  -33 46   15x3?   C?      ?      varies	x
 354.8  -0.8  17 36 00  -33 42    19     S       2.8?   ?	x
 355.4  +0.7  17 31 20  -32 26    25     S       5?     ?	x
 355.6  -0.0  17 35 16  -32 38    8x6    S       3?     ?	x
 355.9  -2.5  17 45 53  -33 43    13     S       8      0.5	x
 356.2  +4.5  17 19 00  -29 40    25     S       4      0.7	x
 356.3  -1.5  17 42 35  -32 52   20x15   S       3?     ?	x
 356.3  -0.3  17 37 56  -32 16   11x7    S       3?     ?	x
 357.7  -0.1  17 40 29  -30 58    8x3?   ?      37      0.4      MSH_17-39
 357.7  +0.3  17 38 35  -30 44    24     S      10      0.4?	x
 358.0  +3.8  17 26 00  -28 36    38     S       1.5?   ?	x
 358.1  +1.0  17 37 00  -29 59    20     S       2?     ?	x
 358.5  -0.9  17 46 10  -30 40    17     S       4?     ?	x
 359.0  -0.9  17 46 50  -30 16    23     S      23      0.5	x
 359.1  -0.5  17 45 30  -29 57    24     S      14      0.4?	x
 359.1  +0.9  17 39 36  -29 11   12x11   S       2?     ?	x
 359.2  -1.1  17 48 14  -30 12    5x4    S?      0.4?   1.1?	x